PROFILE 4
BEGIN
ORIGIN
MATRIX ID=0 K=128 L=50
50        A        C        D        E        F        G        H        I        K        L        M        N        P        Q        R        S        T        V        W        Y
 0 0.000000 0.000000 0.171875 0.046875 0.000000 0.101562 0.031250 0.000000 0.015625 0.000000 0.000000 0.625000 0.000000 0.007812 0.000000 0.000000 0.000000 0.000000 0.000000 0.000000
 1 0.015625 0.000000 0.000000 0.039062 0.007812 0.000000 0.078125 0.000000 0.007812 0.015625 0.000000 0.000000 0.000000 0.062500 0.000000 0.007812 0.000000 0.054688 0.000000 0.710938
 2 0.007812 0.000000 0.000000 0.000000 0.000000 0.718750 0.000000 0.023438 0.015625 0.000000 0.000000 0.046875 0.000000 0.046875 0.015625 0.031250 0.031250 0.062500 0.000000 0.000000
 3 0.000000 0.000000 0.085938 0.007812 0.484375 0.000000 0.101562 0.039062 0.015625 0.015625 0.007812 0.000000 0.007812 0.000000 0.000000 0.054688 0.000000 0.007812 0.000000 0.171875
 4 0.023438 0.007812 0.000000 0.023438 0.023438 0.000000 0.000000 0.484375 0.054688 0.039062 0.000000 0.039062 0.117188 0.000000 0.007812 0.007812 0.000000 0.171875 0.000000 0.000000
 5 0.023438 0.000000 0.039062 0.156250 0.000000 0.000000 0.046875 0.007812 0.031250 0.007812 0.000000 0.117188 0.453125 0.015625 0.046875 0.031250 0.015625 0.007812 0.000000 0.000000
 6 0.007812 0.000000 0.085938 0.093750 0.000000 0.023438 0.179688 0.000000 0.015625 0.015625 0.000000 0.179688 0.000000 0.070312 0.125000 0.007812 0.187500 0.007812 0.000000 0.000000
 7 0.031250 0.000000 0.007812 0.007812 0.000000 0.085938 0.000000 0.000000 0.101562 0.007812 0.000000 0.062500 0.000000 0.000000 0.000000 0.007812 0.687500 0.000000 0.000000 0.000000
 8 0.125000 0.070312 0.000000 0.007812 0.007812 0.000000 0.000000 0.062500 0.015625 0.648438 0.007812 0.000000 0.000000 0.000000 0.007812 0.000000 0.000000 0.000000 0.031250 0.015625
 9 0.140625 0.148438 0.070312 0.039062 0.015625 0.085938 0.000000 0.000000 0.132812 0.000000 0.000000 0.000000 0.000000 0.007812 0.015625 0.226562 0.007812 0.031250 0.000000 0.078125
10 0.000000 0.000000 0.179688 0.234375 0.000000 0.296875 0.000000 0.000000 0.007812 0.140625 0.000000 0.046875 0.007812 0.000000 0.007812 0.031250 0.000000 0.000000 0.031250 0.015625
11 0.000000 0.000000 0.992188 0.000000 0.000000 0.000000 0.000000 0.000000 0.000000 0.007812 0.000000 0.000000 0.000000 0.000000 0.000000 0.000000 0.000000 0.000000 0.000000 0.000000
12 0.000000 0.000000 0.031250 0.000000 0.000000 0.679688 0.000000 0.000000 0.000000 0.000000 0.000000 0.257812 0.000000 0.000000 0.000000 0.031250 0.000000 0.000000 0.000000 0.000000
13 0.000000 0.000000 0.992188 0.000000 0.000000 0.000000 0.000000 0.000000 0.000000 0.000000 0.000000 0.000000 0.007812 0.000000 0.000000 0.000000 0.000000 0.000000 0.000000 0.000000
14 0.000000 0.000000 0.000000 0.070312 0.000000 0.000000 0.000000 0.007812 0.000000 0.000000 0.000000 0.000000 0.921875 0.000000 0.000000 0.000000 0.000000 0.000000 0.000000 0.000000
15 0.000000 0.000000 0.000000 0.000000 0.039062 0.000000 0.000000 0.156250 0.007812 0.476562 0.078125 0.000000 0.000000 0.000000 0.000000 0.000000 0.000000 0.242188 0.000000 0.000000
16 0.000000 0.000000 0.992188 0.000000 0.000000 0.000000 0.000000 0.000000 0.000000 0.000000 0.000000 0.000000 0.000000 0.007812 0.000000 0.000000 0.000000 0.000000 0.000000 0.000000
17 0.109375 0.023438 0.007812 0.000000 0.000000 0.039062 0.000000 0.132812 0.000000 0.000000 0.000000 0.000000 0.000000 0.000000 0.000000 0.000000 0.000000 0.687500 0.000000 0.000000
18 0.000000 0.179688 0.000000 0.007812 0.015625 0.000000 0.000000 0.023438 0.000000 0.648438 0.101562 0.000000 0.000000 0.000000 0.000000 0.000000 0.000000 0.023438 0.000000 0.000000
19 0.000000 0.000000 0.007812 0.210938 0.000000 0.000000 0.000000 0.031250 0.007812 0.023438 0.000000 0.000000 0.000000 0.000000 0.000000 0.000000 0.000000 0.718750 0.000000 0.000000
20 0.000000 0.046875 0.000000 0.007812 0.039062 0.000000 0.007812 0.421875 0.007812 0.226562 0.007812 0.000000 0.109375 0.000000 0.000000 0.000000 0.000000 0.117188 0.000000 0.007812
21 0.062500 0.007812 0.000000 0.000000 0.000000 0.242188 0.000000 0.015625 0.007812 0.078125 0.171875 0.054688 0.000000 0.000000 0.000000 0.093750 0.250000 0.015625 0.000000 0.000000
22 0.007812 0.000000 0.085938 0.195312 0.000000 0.007812 0.046875 0.000000 0.007812 0.000000 0.000000 0.023438 0.218750 0.101562 0.085938 0.117188 0.070312 0.007812 0.015625 0.007812
23 0.023438 0.000000 0.023438 0.226562 0.015625 0.007812 0.039062 0.007812 0.125000 0.039062 0.000000 0.023438 0.007812 0.117188 0.062500 0.007812 0.046875 0.031250 0.000000 0.195312
24 0.046875 0.007812 0.000000 0.000000 0.000000 0.000000 0.000000 0.046875 0.007812 0.007812 0.000000 0.046875 0.593750 0.046875 0.023438 0.054688 0.000000 0.117188 0.000000 0.000000
25 0.054688 0.039062 0.000000 0.000000 0.054688 0.070312 0.000000 0.085938 0.007812 0.265625 0.000000 0.000000 0.015625 0.000000 0.007812 0.000000 0.125000 0.257812 0.000000 0.015625
26 0.101562 0.000000 0.000000 0.015625 0.164062 0.007812 0.000000 0.054688 0.039062 0.109375 0.031250 0.007812 0.000000 0.093750 0.000000 0.023438 0.070312 0.148438 0.000000 0.132812
27 0.031250 0.007812 0.000000 0.000000 0.007812 0.007812 0.023438 0.023438 0.000000 0.000000 0.007812 0.000000 0.625000 0.039062 0.070312 0.023438 0.101562 0.031250 0.000000 0.000000
28 0.015625 0.000000 0.000000 0.000000 0.000000 0.898438 0.000000 0.000000 0.000000 0.039062 0.007812 0.023438 0.000000 0.007812 0.000000 0.007812 0.000000 0.000000 0.000000 0.000000
29 0.054688 0.218750 0.023438 0.070312 0.000000 0.007812 0.000000 0.023438 0.000000 0.007812 0.000000 0.046875 0.007812 0.093750 0.000000 0.250000 0.062500 0.132812 0.000000 0.000000
END