0.101871 0.00570886 0.0542684 0.0877695 0.0139132 0.0505593 0.0222885 0.0159814 0.117861 0.0349454 0.0162805 0.0389792 0.142209 0.054371 0.0956064 0.0717368 0.0393895 0.0189555 0.00444403 0.0128022 5.98234e-05
0.0342276 0.00724718 0.0249036 0.0231431 0.00864021 0.453735 0.0301596 0.0180838 0.0469187 0.0271342 0.00476024 0.0647888 0.0678654 0.0227756 0.0510892 0.0494996 0.0232286 0.0290913 0.00148704 0.0111528 6.83696e-05
0.0332362 0.00944356 0.0490125 0.24014 0.0168189 0.0765825 0.0256386 0.017289 0.0955209 0.035424 0.0104691 0.0282794 0.0429789 0.0809582 0.0884276 0.0692414 0.0438848 0.0220065 0.00295699 0.0116057 8.54621e-05
0.0316039 0.0239123 0.00498244 0.00220492 0.0769842 0.0432353 0.0325012 0.155755 0.064746 0.117177 0.0295015 0.037646 0.0226816 0.00600798 0.0668142 0.037176 0.0732581 0.156259 0.00658912 0.0109477 1.70924e-05
0.0256215 0.0144944 0.000512772 0.000358941 0.0662929 0.00319628 0.0200409 0.203049 0.00102554 0.16519 0.0210408 0.0176052 0.000333302 0.00141012 0.00264932 0.0142807 0.111964 0.278376 0.00636692 0.0461666 2.56386e-05
0.251241 0.0311595 0.000333302 0.00160669 0.0278094 0.194554 0.00409363 0.0639342 0.000640965 0.185299 0.0211775 0.0014614 0.00767449 0.00212801 0.00173488 0.0402441 0.0238781 0.116203 0.0162463 0.0085633 1.70924e-05
0.000888805 0.00243567 0 0 0.0779756 0 0 0.335832 0 0.401663 0.0124433 0 0 0 0 0 0.00031621 0.16666 0 0.00174343 4.2731e-05
0.0408594 0.033655 0.00781123 0.0185624 0.0241943 0.0102127 0.0242456 0.128193 0.0107255 0.158729 0.0381503 0.00936664 0.000666604 0.0150157 0.013409 0.0497304 0.0970422 0.265274 0.0127338 0.0414064 1.70924e-05
0 0 0 0 0 0.999991 0 0 0 0 0 0 0 0 0 0 0 0 0 0 8.54621e-06
0.0775397 0.00323901 0.033014 0.111366 0.0177334 0.0412611 0.0236901 0.0185111 0.0501748 0.0362786 0.0356719 0.0210151 0.319449 0.0239892 0.0706002 0.0449958 0.0235106 0.0363043 0.000589688 0.0110588 8.54621e-06
0.0414576 0.00150413 0.00805907 0.00370051 0.0018118 0.0500124 0.00149559 0.00771722 0.00414491 0.0158361 0.00617891 0.243541 0.157276 0.00747793 0.0161609 0.273077 0.130227 0.0246131 0.00335866 0.00235021 0
0 0 0 0 0 0.972532 0 0 0 0 0 0.0274675 0 0 0 0 0 0 0 0 0
0.264479 0.103879 0.000640965 0.00264932 0 0.0142209 0.00117083 0.0406201 0.00173488 0.0195537 0.00712754 0.00229893 0 0.00293135 0.00219637 0.316603 0.115425 0.104255 0 0.000213655 0
0 0 0 0 0 0.999991 0 0 0 0 0 0 0 0 0 0 0 0 0 0 8.54621e-06
0 0 0 0 0 0 0 0 1 0 0 0 0 0 0 0 0 0 0 0 0
0 0 0 0 0 0 0 0 0 0 0 0 0 0 0 0.501329 0.498654 0 0 0 1.70924e-05
0.00587124 0.0020169 0 0 0.005179 0 0.0206904 0 0 0.0322619 0.0186136 0.000572596 0 0 0 0.171052 0.726795 0.00740101 0 0.00953756 8.54621e-06
0.0186393 0.00567468 0 0 0.0655921 0 0 0.108768 0 0.585347 0.019699 0 0 0.0182205 0 0.00870858 0.102076 0.0660622 0 0.00117938 3.41848e-05
0.208288 0.018306 0 0.000307663 0.0470554 0.0274248 0.000256386 0.143465 0.000384579 0.338002 0.0616694 0.00024784 7.69158e-05 0.000957175 0.00121356 0.0263052 0.0233824 0.0995975 0.00128193 0.00176906 8.54621e-06
0.0557554 0.00665749 0.0409107 0.0425943 0.00784542 0.0219125 0.0285443 0.00739247 0.196947 0.0408594 0.0136397 0.141764 0.0130586 0.061601 0.203391 0.0651734 0.0201861 0.0133919 0.00156396 0.0167506 5.98234e-05
0.205494 0.036629 0.0117254 0.025613 0.0119305 0.0220834 0.0241516 0.0964439 0.0408765 0.18335 0.0580886 0.0148619 0.000666604 0.0399962 0.0363299 0.0607379 0.0519182 0.0595585 0.00382015 0.0156737 5.12772e-05
0.0309544 0.00549521 3.41848e-05 9.40083e-05 0.0389194 0.00527301 0.000350394 0.280991 0.000188017 0.453103 0.0477476 8.54621e-05 0.000341848 3.41848e-05 0.000145285 0.00188017 0.0090077 0.109759 0.00318773 0.0123664 4.2731e-05
0.269564 0.039774 0.00489698 0.0218099 0.0395006 0.0436711 0.00805907 0.0501235 0.014708 0.162959 0.0336635 0.0300912 0.0092299 0.0162207 0.0178616 0.0761894 0.0692926 0.052525 0.00141867 0.038381 5.98234e-05
0.0530121 0.00759758 0.036441 0.0435002 0.0145969 0.342182 0.0248524 0.00857184 0.0638658 0.0464401 0.00694806 0.0656519 0.00596525 0.0376375 0.139183 0.0359112 0.0295784 0.0107169 0.00578578 0.0214852 7.69158e-05
0.0804027 0.00739247 0.0448676 0.104007 0.0758818 0.0211433 0.0279974 0.0575245 0.0400817 0.235662 0.0252797 0.02469 0.00866585 0.0460811 0.0602764 0.0391331 0.0269376 0.038569 0.00593961 0.0293733 9.40083e-05
0.0626095 0.0159472 0.0379964 0.0679081 0.0405688 0.0181265 0.0204083 0.0893506 0.0249806 0.268812 0.0289716 0.0206904 0.0114519 0.0223227 0.02516 0.0339028 0.0391929 0.0579176 0.0188529 0.0947603 6.83696e-05
0.0683013 0.00854621 0.0799583 0.0809753 0.0239807 0.0802831 0.0227073 0.0278948 0.0891796 0.0515849 0.0100931 0.0523797 0.0903761 0.0481151 0.085086 0.0598833 0.0541231 0.0377571 0.00399962 0.0246814 9.40083e-05
0.0963841 0.0173061 0.0348172 0.0447565 0.0229637 0.0539351 0.0207673 0.0433805 0.0498927 0.0618062 0.0120501 0.0269462 0.251028 0.0350053 0.0500722 0.0479784 0.03145 0.0634299 0.00658912 0.0293391 0.000102554
0.0527728 0.00740101 0.127774 0.0719249 0.0142893 0.0449103 0.0203571 0.032185 0.0624044 0.0460811 0.0107511 0.0509012 0.0389536 0.0625582 0.062618 0.095709 0.139893 0.0343387 0.00397399 0.0200921 0.000111101
0.0840776 0.00774286 0.0425857 0.0842998 0.0634128 0.124193 0.0227671 0.0247156 0.0606268 0.0422952 0.00786251 0.0344412 0.0204767 0.0389963 0.0540975 0.15743 0.0532172 0.0477391 0.0032561 0.0256301 0.000136739
