PROFILE 4
BEGIN
ORIGIN
MATRIX ID=0 K=1000 L=30
30        A        C        D        E        F        G        H        I        K        L        M        N        P        Q        R        S        T        V        W        Y
 0 0.004110 0.004207 0.004298 0.051587 0.000978 0.012099 0.000333 0.002999 0.004247 0.002542 0.020535 0.002762 0.001495 0.186684 0.001749 0.221903 0.475902 0.000927 0.000147 0.000496
 1 0.016392 0.000073 0.200458 0.435560 0.000345 0.004388 0.005117 0.201353 0.034440 0.006544 0.002189 0.000269 0.033175 0.048242 0.000264 0.002319 0.002318 0.006327 0.000052 0.000175
 2 0.404196 0.001036 0.036229 0.498280 0.000173 0.005194 0.000059 0.001176 0.017220 0.001272 0.002094 0.003134 0.000087 0.012121 0.005132 0.009159 0.002159 0.001164 0.000026 0.000088
 3 0.004131 0.000024 0.036153 0.907187 0.000115 0.000129 0.001039 0.001118 0.000147 0.000181 0.000063 0.001090 0.000058 0.001081 0.002088 0.000106 0.000106 0.045109 0.000017 0.000058
 4 0.001065 0.000012 0.000076 0.000093 0.206058 0.000065 0.000020 0.215059 0.000073 0.308091 0.005031 0.000045 0.000029 0.000040 0.001044 0.000053 0.035053 0.225055 0.003009 0.000029
 5 0.015000 0.000000 0.236000 0.045000 0.000000 0.000000 0.000000 0.008000 0.250000 0.006000 0.000000 0.008000 0.000000 0.221000 0.188000 0.020000 0.001000 0.002000 0.000000 0.000000
 6 0.063000 0.000000 0.221000 0.615000 0.000000 0.000000 0.001000 0.000000 0.056000 0.000000 0.002000 0.008000 0.000000 0.000000 0.009000 0.008000 0.014000 0.003000 0.000000 0.000000
 7 0.417045 0.008194 0.001221 0.001493 0.023921 0.001034 0.000313 0.029940 0.001174 0.075452 0.382503 0.003717 0.000466 0.000644 0.000705 0.000849 0.001849 0.048873 0.000139 0.000467
 8 0.001065 0.000012 0.000076 0.000093 0.452058 0.000065 0.000020 0.418059 0.000073 0.023091 0.105031 0.000045 0.000029 0.000040 0.000044 0.000053 0.000053 0.000055 0.000009 0.000029
 9 0.042000 0.001000 0.068000 0.076000 0.000000 0.002000 0.000000 0.001000 0.069000 0.000000 0.003000 0.185000 0.000000 0.001000 0.378000 0.174000 0.000000 0.000000 0.000000 0.000000
10 0.031000 0.000000 0.044000 0.433000 0.000000 0.000000 0.000000 0.019000 0.002000 0.195000 0.040000 0.001000 0.000000 0.001000 0.003000 0.000000 0.048000 0.182000 0.000000 0.001000
11 0.183065 0.000012 0.000076 0.002093 0.441058 0.049065 0.000020 0.018059 0.000073 0.048091 0.001031 0.000045 0.000029 0.000040 0.000044 0.008053 0.001053 0.242055 0.001009 0.005029
12 0.002196 0.000036 0.992229 0.000280 0.000173 0.000194 0.000059 0.000176 0.000220 0.000272 0.000094 0.003134 0.000087 0.000121 0.000132 0.000159 0.000159 0.000164 0.000026 0.000088
13 0.200261 0.000049 0.000305 0.062373 0.003230 0.000259 0.002078 0.157235 0.441293 0.011363 0.001126 0.017179 0.000117 0.009161 0.024176 0.035212 0.022212 0.012218 0.000035 0.000117
14 0.000327 0.000061 0.909382 0.000467 0.000288 0.000323 0.000098 0.000294 0.000367 0.000454 0.000157 0.085224 0.000146 0.000201 0.000220 0.000265 0.000265 0.001273 0.000043 0.000146
15 0.034392 0.000073 0.000458 0.000560 0.000345 0.914388 0.000117 0.000353 0.000440 0.000544 0.000189 0.039269 0.000175 0.007242 0.000264 0.000319 0.000318 0.000327 0.000052 0.000175
16 0.000196 0.000036 0.545229 0.000280 0.000173 0.020194 0.000059 0.001176 0.000220 0.000272 0.000094 0.359134 0.000087 0.000121 0.000132 0.069159 0.003159 0.000164 0.000026 0.000088
17 0.000000 0.000000 0.000000 0.000000 0.000000 0.994000 0.006000 0.000000 0.000000 0.000000 0.000000 0.000000 0.000000 0.000000 0.000000 0.000000 0.000000 0.000000 0.000000 0.000000
18 0.003000 0.004000 0.020000 0.064000 0.030000 0.000000 0.009000 0.000000 0.031000 0.012000 0.009000 0.000000 0.000000 0.161000 0.039000 0.006000 0.418000 0.004000 0.000000 0.190000
19 0.000000 0.045000 0.000000 0.000000 0.001000 0.000000 0.000000 0.752000 0.000000 0.002000 0.000000 0.000000 0.000000 0.000000 0.000000 0.000000 0.000000 0.200000 0.000000 0.000000
20 0.000000 0.000000 0.372000 0.011000 0.000000 0.036000 0.000000 0.000000 0.000000 0.000000 0.000000 0.175000 0.000000 0.000000 0.000000 0.227000 0.179000 0.000000 0.000000 0.000000
21 0.197000 0.000000 0.000000 0.015000 0.315000 0.000000 0.003000 0.016000 0.001000 0.023000 0.000000 0.000000 0.003000 0.000000 0.000000 0.005000 0.198000 0.034000 0.000000 0.190000
22 0.183000 0.000000 0.101000 0.238000 0.000000 0.001000 0.003000 0.000000 0.203000 0.000000 0.000000 0.017000 0.181000 0.052000 0.002000 0.018000 0.000000 0.000000 0.000000 0.001000
23 0.001000 0.000000 0.002000 0.996000 0.000000 0.000000 0.000000 0.000000 0.000000 0.000000 0.000000 0.000000 0.000000 0.001000 0.000000 0.000000 0.000000 0.000000 0.000000 0.000000
24 0.000065 0.000012 0.000076 0.000093 0.540058 0.000065 0.000020 0.001059 0.000073 0.450091 0.000031 0.000045 0.000029 0.000040 0.000044 0.000053 0.000053 0.000055 0.007009 0.001029
25 0.022000 0.001000 0.003000 0.003000 0.001000 0.211000 0.000000 0.009000 0.034000 0.277000 0.047000 0.002000 0.000000 0.009000 0.187000 0.009000 0.009000 0.176000 0.000000 0.000000
26 0.078000 0.000000 0.008000 0.046000 0.005000 0.001000 0.178000 0.021000 0.016000 0.000000 0.001000 0.003000 0.000000 0.150000 0.021000 0.015000 0.394000 0.060000 0.003000 0.000000
27 0.022849 0.002158 0.000992 0.001213 0.071748 0.000840 0.001254 0.027764 0.000954 0.049179 0.424409 0.000583 0.000379 0.000523 0.001573 0.000690 0.000690 0.391709 0.000113 0.000379
28 0.002829 0.010340 0.002137 0.002613 0.009611 0.002810 0.000548 0.018645 0.002054 0.047540 0.815881 0.001255 0.000816 0.001127 0.001234 0.001487 0.001485 0.076527 0.000243 0.000817
29 0.230000 0.000000 0.000000 0.012000 0.000000 0.007000 0.008000 0.003000 0.053000 0.000000 0.004000 0.004000 0.000000 0.025000 0.236000 0.022000 0.336000 0.060000 0.000000 0.000000
END