MEME version 4

ALPHABET= ACDEFGHIKLMNPQRSTVWY

Background letter frequencies
A 0.0826 C 0.0138 D 0.0546 E 0.0673 F 0.0387 G 0.0708 H 0.0228 I 0.0592 K 0.0582 L 0.0966 
M 0.0242 N 0.0406 P 0.0473 Q 0.0393 R 0.0554 S 0.0663 T 0.0536 V 0.0687 W 0.011 
Y 0.0292 

MOTIF MEME-1
letter-probability matrix: alength= 20 w= 30 nsites= 19144 E= 0.000
0.100815 0.003186 0.054430 0.084152 0.011910 0.058086 0.015148 0.015880 0.150021 0.046229 0.038445 0.027789 0.093241 0.049728 0.088853 0.064824 0.054534 0.020738 0.002089 0.019902 
0.025543 0.009664 0.016402 0.029095 0.007835 0.354628 0.020059 0.027110 0.093397 0.105464 0.010969 0.048945 0.092144 0.015880 0.026901 0.043512 0.020947 0.022514 0.002089 0.026901 
0.057198 0.004179 0.065138 0.113560 0.031655 0.111732 0.011126 0.049258 0.097002 0.056989 0.014156 0.055944 0.069421 0.053542 0.064459 0.071720 0.020685 0.034371 0.001306 0.016559 
0.019954 0.014574 0.032438 0.032020 0.081435 0.040535 0.061690 0.100867 0.130485 0.058922 0.019327 0.072085 0.039490 0.010552 0.051975 0.028416 0.061534 0.116956 0.011910 0.014835 
0.034528 0.010081 0.000000 0.000940 0.032438 0.001619 0.012066 0.253604 0.000157 0.157334 0.014783 0.017290 0.011440 0.019484 0.001306 0.013320 0.089584 0.309235 0.001515 0.019275 
0.249060 0.024655 0.000104 0.000366 0.062265 0.162035 0.003552 0.053542 0.000418 0.189720 0.018335 0.000313 0.000261 0.004179 0.000575 0.032804 0.051034 0.127664 0.007940 0.011178 
0.011335 0.003970 0.000000 0.000000 0.116486 0.000000 0.000000 0.280088 0.000000 0.442697 0.028991 0.000000 0.000000 0.000000 0.000000 0.000000 0.003448 0.112777 0.000000 0.000209 
0.063414 0.014522 0.008828 0.028521 0.099143 0.021051 0.011962 0.173736 0.002873 0.119515 0.025804 0.001672 0.008723 0.006373 0.004127 0.035416 0.058556 0.229053 0.005119 0.081592 
0.000000 0.000000 0.000000 0.000000 0.000000 1.000000 0.000000 0.000000 0.000000 0.000000 0.000000 0.000000 0.000000 0.000000 0.000000 0.000000 0.000000 0.000000 0.000000 0.000000 
0.054273 0.002455 0.030036 0.057146 0.013268 0.102121 0.017969 0.012954 0.049154 0.075219 0.026431 0.008462 0.294035 0.030819 0.141298 0.029148 0.010134 0.033274 0.000575 0.011231 
0.073499 0.000209 0.018283 0.015410 0.009089 0.037664 0.000836 0.006007 0.002560 0.002769 0.013425 0.098156 0.281252 0.007731 0.011754 0.259155 0.124066 0.036724 0.000104 0.001306 
0.000000 0.000000 0.000000 0.000000 0.000000 0.803385 0.000000 0.000000 0.000000 0.000000 0.000000 0.196615 0.000000 0.000000 0.000000 0.000000 0.000000 0.000000 0.000000 0.000000 
0.218711 0.080913 0.000000 0.000992 0.001358 0.008567 0.000522 0.020476 0.000575 0.069421 0.003082 0.003239 0.000000 0.003970 0.000366 0.233859 0.094338 0.259298 0.000000 0.000313 
0.000000 0.000000 0.000000 0.000000 0.000000 1.000000 0.000000 0.000000 0.000000 0.000000 0.000000 0.000000 0.000000 0.000000 0.000000 0.000000 0.000000 0.000000 0.000000 0.000000 
0.000000 0.000000 0.000000 0.000000 0.000000 0.000000 0.000000 0.000000 1.000000 0.000000 0.000000 0.000000 0.000000 0.000000 0.000000 0.000000 0.000000 0.000000 0.000000 0.000000 
0.000000 0.000000 0.000000 0.000000 0.000000 0.000000 0.000000 0.000000 0.000000 0.000000 0.000000 0.000000 0.000000 0.000000 0.000000 0.514313 0.485687 0.000000 0.000000 0.000000 
0.045027 0.008985 0.000000 0.000000 0.021730 0.000000 0.034267 0.000000 0.000000 0.067071 0.010656 0.015201 0.000000 0.000000 0.000000 0.175198 0.521678 0.083734 0.000000 0.016454 
0.038811 0.007000 0.001149 0.000000 0.061952 0.000000 0.002560 0.099822 0.000000 0.577727 0.016820 0.017499 0.000000 0.013947 0.000366 0.011022 0.082585 0.064145 0.000000 0.004597 
0.181153 0.009820 0.000000 0.000000 0.042206 0.034580 0.000522 0.177706 0.000000 0.274603 0.084204 0.000000 0.000052 0.005694 0.004910 0.056467 0.043930 0.082532 0.001410 0.000209 
0.060750 0.006738 0.019275 0.056467 0.011283 0.014051 0.049467 0.011544 0.106352 0.029095 0.052392 0.241120 0.006791 0.091830 0.150857 0.054482 0.022200 0.008201 0.000836 0.006268 
0.220435 0.026170 0.022670 0.067697 0.006007 0.029931 0.020006 0.078719 0.039438 0.086084 0.032125 0.032647 0.000522 0.050407 0.078771 0.069212 0.079189 0.045758 0.005537 0.008671 
0.016036 0.003918 0.000052 0.001358 0.057720 0.000522 0.003186 0.229994 0.000000 0.469494 0.036252 0.000157 0.014783 0.001724 0.000000 0.002351 0.018544 0.132940 0.002455 0.008514 
0.300460 0.026483 0.005067 0.024446 0.021991 0.057616 0.006947 0.117791 0.017656 0.112516 0.018648 0.057877 0.006791 0.009507 0.008358 0.074906 0.065504 0.050564 0.001254 0.015618 
0.059810 0.007156 0.035520 0.045236 0.011701 0.239396 0.033431 0.007156 0.074018 0.034371 0.005224 0.130276 0.012902 0.053176 0.159737 0.025648 0.030662 0.009559 0.004910 0.020111 
0.107240 0.002298 0.032229 0.146626 0.045758 0.022305 0.020947 0.035729 0.049206 0.153468 0.034893 0.074331 0.003186 0.058243 0.077204 0.042520 0.031080 0.020581 0.008410 0.033744 
0.043201 0.007784 0.047171 0.090738 0.029410 0.027477 0.016403 0.101499 0.075746 0.258789 0.044664 0.029097 0.006112 0.017500 0.049000 0.025858 0.033798 0.045186 0.006164 0.044403 
0.113247 0.004858 0.081906 0.053124 0.040901 0.096584 0.021417 0.057094 0.058922 0.047012 0.008723 0.071093 0.063884 0.044087 0.090420 0.045079 0.037192 0.043199 0.001619 0.019641 
0.132156 0.010343 0.025857 0.048214 0.021051 0.058347 0.008932 0.029304 0.109434 0.081697 0.017238 0.019588 0.122075 0.036931 0.049728 0.050303 0.030140 0.125366 0.003082 0.020215 
0.071667 0.009768 0.086659 0.075063 0.007052 0.035311 0.018962 0.123381 0.065399 0.049728 0.009193 0.057355 0.079555 0.037871 0.060384 0.064407 0.082898 0.054116 0.000888 0.010343 
0.084831 0.005276 0.046229 0.054586 0.107762 0.088487 0.059392 0.038132 0.039856 0.043094 0.009611 0.029722 0.018857 0.020006 0.043303 0.091412 0.063362 0.123642 0.002037 0.030401 

