MEME version 4

ALPHABET= ACDEFGHIKLMNPQRSTVWY

Background letter frequencies (from file `/home/yincp/Desktop/Descriptor_Preprocessor/uniprot_full_composition.txt'):
A 0.08260 C 0.01383 D 0.05462 E 0.06733 F 0.03866 G 0.07079 H 0.02276 I 0.05924 K 0.05815 L 0.09656 M 0.02415 N 0.04060 P 0.04733 Q 0.03933 R 0.05535 S 0.06630 T 0.05355 V 0.06866 W 0.01099 Y 0.02920 

MOTIF 1 BYGXXXXTLXXDGDPJDVLVJXXXPXXPGX

letter-probability matrix: alength= 20 w= 30 nsites= 128 E= 0
  0.000000	  0.000000	  0.171875	  0.046875	  0.000000	  0.101562	  0.031250	  0.000000	  0.015625	  0.000000	  0.000000	  0.625000	  0.000000	  0.007812	  0.000000	  0.000000	  0.000000	  0.000000	  0.000000	  0.000000	
  0.015625	  0.000000	  0.000000	  0.039062	  0.007812	  0.000000	  0.078125	  0.000000	  0.007812	  0.015625	  0.000000	  0.000000	  0.000000	  0.062500	  0.000000	  0.007812	  0.000000	  0.054688	  0.000000	  0.710938	
  0.007812	  0.000000	  0.000000	  0.000000	  0.000000	  0.718750	  0.000000	  0.023438	  0.015625	  0.000000	  0.000000	  0.046875	  0.000000	  0.046875	  0.015625	  0.031250	  0.031250	  0.062500	  0.000000	  0.000000	
  0.000000	  0.000000	  0.085938	  0.007812	  0.484375	  0.000000	  0.101562	  0.039062	  0.015625	  0.015625	  0.007812	  0.000000	  0.007812	  0.000000	  0.000000	  0.054688	  0.000000	  0.007812	  0.000000	  0.171875	
  0.023438	  0.007812	  0.000000	  0.023438	  0.023438	  0.000000	  0.000000	  0.484375	  0.054688	  0.039062	  0.000000	  0.039062	  0.117188	  0.000000	  0.007812	  0.007812	  0.000000	  0.171875	  0.000000	  0.000000	
  0.023438	  0.000000	  0.039062	  0.156250	  0.000000	  0.000000	  0.046875	  0.007812	  0.031250	  0.007812	  0.000000	  0.117188	  0.453125	  0.015625	  0.046875	  0.031250	  0.015625	  0.007812	  0.000000	  0.000000	
  0.007812	  0.000000	  0.085938	  0.093750	  0.000000	  0.023438	  0.179688	  0.000000	  0.015625	  0.015625	  0.000000	  0.179688	  0.000000	  0.070312	  0.125000	  0.007812	  0.187500	  0.007812	  0.000000	  0.000000	
  0.031250	  0.000000	  0.007812	  0.007812	  0.000000	  0.085938	  0.000000	  0.000000	  0.101562	  0.007812	  0.000000	  0.062500	  0.000000	  0.000000	  0.000000	  0.007812	  0.687500	  0.000000	  0.000000	  0.000000	
  0.125000	  0.070312	  0.000000	  0.007812	  0.007812	  0.000000	  0.000000	  0.062500	  0.015625	  0.648438	  0.007812	  0.000000	  0.000000	  0.000000	  0.007812	  0.000000	  0.000000	  0.000000	  0.031250	  0.015625	
  0.140625	  0.148438	  0.070312	  0.039062	  0.015625	  0.085938	  0.000000	  0.000000	  0.132812	  0.000000	  0.000000	  0.000000	  0.000000	  0.007812	  0.015625	  0.226562	  0.007812	  0.031250	  0.000000	  0.078125	
  0.000000	  0.000000	  0.179688	  0.234375	  0.000000	  0.296875	  0.000000	  0.000000	  0.007812	  0.140625	  0.000000	  0.046875	  0.007812	  0.000000	  0.007812	  0.031250	  0.000000	  0.000000	  0.031250	  0.015625	
  0.000000	  0.000000	  0.992188	  0.000000	  0.000000	  0.000000	  0.000000	  0.000000	  0.000000	  0.007812	  0.000000	  0.000000	  0.000000	  0.000000	  0.000000	  0.000000	  0.000000	  0.000000	  0.000000	  0.000000	
  0.000000	  0.000000	  0.031250	  0.000000	  0.000000	  0.679688	  0.000000	  0.000000	  0.000000	  0.000000	  0.000000	  0.257812	  0.000000	  0.000000	  0.000000	  0.031250	  0.000000	  0.000000	  0.000000	  0.000000	
  0.000000	  0.000000	  0.992188	  0.000000	  0.000000	  0.000000	  0.000000	  0.000000	  0.000000	  0.000000	  0.000000	  0.000000	  0.007812	  0.000000	  0.000000	  0.000000	  0.000000	  0.000000	  0.000000	  0.000000	
  0.000000	  0.000000	  0.000000	  0.070312	  0.000000	  0.000000	  0.000000	  0.007812	  0.000000	  0.000000	  0.000000	  0.000000	  0.921875	  0.000000	  0.000000	  0.000000	  0.000000	  0.000000	  0.000000	  0.000000	
  0.000000	  0.000000	  0.000000	  0.000000	  0.039062	  0.000000	  0.000000	  0.156250	  0.007812	  0.476562	  0.078125	  0.000000	  0.000000	  0.000000	  0.000000	  0.000000	  0.000000	  0.242188	  0.000000	  0.000000	
  0.000000	  0.000000	  0.992188	  0.000000	  0.000000	  0.000000	  0.000000	  0.000000	  0.000000	  0.000000	  0.000000	  0.000000	  0.000000	  0.007812	  0.000000	  0.000000	  0.000000	  0.000000	  0.000000	  0.000000	
  0.109375	  0.023438	  0.007812	  0.000000	  0.000000	  0.039062	  0.000000	  0.132812	  0.000000	  0.000000	  0.000000	  0.000000	  0.000000	  0.000000	  0.000000	  0.000000	  0.000000	  0.687500	  0.000000	  0.000000	
  0.000000	  0.179688	  0.000000	  0.007812	  0.015625	  0.000000	  0.000000	  0.023438	  0.000000	  0.648438	  0.101562	  0.000000	  0.000000	  0.000000	  0.000000	  0.000000	  0.000000	  0.023438	  0.000000	  0.000000	
  0.000000	  0.000000	  0.007812	  0.210938	  0.000000	  0.000000	  0.000000	  0.031250	  0.007812	  0.023438	  0.000000	  0.000000	  0.000000	  0.000000	  0.000000	  0.000000	  0.000000	  0.718750	  0.000000	  0.000000	
  0.000000	  0.046875	  0.000000	  0.007812	  0.039062	  0.000000	  0.007812	  0.421875	  0.007812	  0.226562	  0.007812	  0.000000	  0.109375	  0.000000	  0.000000	  0.000000	  0.000000	  0.117188	  0.000000	  0.007812	
  0.062500	  0.007812	  0.000000	  0.000000	  0.000000	  0.242188	  0.000000	  0.015625	  0.007812	  0.078125	  0.171875	  0.054688	  0.000000	  0.000000	  0.000000	  0.093750	  0.250000	  0.015625	  0.000000	  0.000000	
  0.007812	  0.000000	  0.085938	  0.195312	  0.000000	  0.007812	  0.046875	  0.000000	  0.007812	  0.000000	  0.000000	  0.023438	  0.218750	  0.101562	  0.085938	  0.117188	  0.070312	  0.007812	  0.015625	  0.007812	
  0.023438	  0.000000	  0.023438	  0.226562	  0.015625	  0.007812	  0.039062	  0.007812	  0.125000	  0.039062	  0.000000	  0.023438	  0.007812	  0.117188	  0.062500	  0.007812	  0.046875	  0.031250	  0.000000	  0.195312	
  0.046875	  0.007812	  0.000000	  0.000000	  0.000000	  0.000000	  0.000000	  0.046875	  0.007812	  0.007812	  0.000000	  0.046875	  0.593750	  0.046875	  0.023438	  0.054688	  0.000000	  0.117188	  0.000000	  0.000000	
  0.054688	  0.039062	  0.000000	  0.000000	  0.054688	  0.070312	  0.000000	  0.085938	  0.007812	  0.265625	  0.000000	  0.000000	  0.015625	  0.000000	  0.007812	  0.000000	  0.125000	  0.257812	  0.000000	  0.015625	
  0.101562	  0.000000	  0.000000	  0.015625	  0.164062	  0.007812	  0.000000	  0.054688	  0.039062	  0.109375	  0.031250	  0.007812	  0.000000	  0.093750	  0.000000	  0.023438	  0.070312	  0.148438	  0.000000	  0.132812	
  0.031250	  0.007812	  0.000000	  0.000000	  0.007812	  0.007812	  0.023438	  0.023438	  0.000000	  0.000000	  0.007812	  0.000000	  0.625000	  0.039062	  0.070312	  0.023438	  0.101562	  0.031250	  0.000000	  0.000000	
  0.015625	  0.000000	  0.000000	  0.000000	  0.000000	  0.898438	  0.000000	  0.000000	  0.000000	  0.039062	  0.007812	  0.023438	  0.000000	  0.007812	  0.000000	  0.007812	  0.000000	  0.000000	  0.000000	  0.000000	
  0.054688	  0.218750	  0.023438	  0.070312	  0.000000	  0.007812	  0.000000	  0.023438	  0.000000	  0.007812	  0.000000	  0.046875	  0.007812	  0.093750	  0.000000	  0.250000	  0.062500	  0.132812	  0.000000	  0.000000	

