MEME version 4

ALPHABET= ACDEFGHIKLMNPQRSTVWY

Background letter frequencies (from file `/home/yincp/Desktop/Descriptor_Preprocessor/data/debug/tmp_composition.txt'):
A 0.06292 C 0.01315 D 0.08364 E 0.07682 F 0.03779 G 0.06058 H 0.02340 I 0.07494 K 0.08549 L 0.07264 M 0.02291 N 0.04442 P 0.06552 Q 0.02396 R 0.03511 S 0.04416 T 0.03881 V 0.07739 W 0.01353 Y 0.04284 

MOTIF 1 XXXXXXXYPXBYGXXXXTLXXDGDPJDVLVJXXXPXXPGXVJXXRXJGXL

letter-probability matrix: alength= 20 w= 50 nsites= 129 E= 0
  0.000000	  0.000000	  0.000000	  0.000000	  0.294574	  0.193798	  0.000000	  0.124031	  0.000000	  0.015504	  0.015504	  0.000000	  0.000000	  0.007752	  0.007752	  0.000000	  0.000000	  0.232558	  0.000000	  0.108527	
  0.178295	  0.046512	  0.000000	  0.023256	  0.000000	  0.007752	  0.000000	  0.046512	  0.000000	  0.472868	  0.186047	  0.000000	  0.007752	  0.000000	  0.000000	  0.007752	  0.015504	  0.007752	  0.000000	  0.000000	
  0.046512	  0.000000	  0.000000	  0.000000	  0.193798	  0.054264	  0.031008	  0.038760	  0.007752	  0.062016	  0.000000	  0.000000	  0.069767	  0.038760	  0.007752	  0.124031	  0.015504	  0.000000	  0.007752	  0.302326	
  0.054264	  0.000000	  0.038760	  0.015504	  0.000000	  0.069767	  0.007752	  0.007752	  0.000000	  0.000000	  0.000000	  0.000000	  0.193798	  0.007752	  0.000000	  0.217054	  0.372093	  0.015504	  0.000000	  0.000000	
  0.170543	  0.000000	  0.015504	  0.000000	  0.000000	  0.007752	  0.000000	  0.031008	  0.000000	  0.046512	  0.000000	  0.015504	  0.240310	  0.201550	  0.000000	  0.217054	  0.054264	  0.000000	  0.000000	  0.000000	
  0.000000	  0.000000	  0.000000	  0.023256	  0.077519	  0.000000	  0.000000	  0.023256	  0.000000	  0.007752	  0.434109	  0.000000	  0.007752	  0.023256	  0.000000	  0.046512	  0.201550	  0.124031	  0.007752	  0.023256	
  0.077519	  0.000000	  0.000000	  0.007752	  0.248062	  0.046512	  0.031008	  0.000000	  0.007752	  0.000000	  0.000000	  0.023256	  0.007752	  0.015504	  0.038760	  0.062016	  0.046512	  0.178295	  0.186047	  0.023256	
  0.000000	  0.000000	  0.007752	  0.232558	  0.000000	  0.000000	  0.000000	  0.007752	  0.031008	  0.007752	  0.000000	  0.007752	  0.000000	  0.000000	  0.000000	  0.000000	  0.000000	  0.000000	  0.000000	  0.705426	
  0.000000	  0.007752	  0.178295	  0.007752	  0.000000	  0.000000	  0.000000	  0.000000	  0.007752	  0.000000	  0.000000	  0.015504	  0.728682	  0.000000	  0.000000	  0.007752	  0.000000	  0.000000	  0.000000	  0.046512	
  0.139535	  0.186047	  0.000000	  0.007752	  0.046512	  0.054264	  0.100775	  0.000000	  0.000000	  0.031008	  0.000000	  0.000000	  0.193798	  0.023256	  0.000000	  0.069767	  0.069767	  0.038760	  0.000000	  0.038760	
  0.000000	  0.000000	  0.170543	  0.046512	  0.000000	  0.100775	  0.031008	  0.000000	  0.015504	  0.000000	  0.000000	  0.627907	  0.000000	  0.007752	  0.000000	  0.000000	  0.000000	  0.000000	  0.000000	  0.000000	
  0.007752	  0.000000	  0.000000	  0.038760	  0.007752	  0.000000	  0.077519	  0.000000	  0.007752	  0.015504	  0.000000	  0.000000	  0.000000	  0.062016	  0.000000	  0.007752	  0.000000	  0.054264	  0.000000	  0.720930	
  0.007752	  0.000000	  0.000000	  0.000000	  0.000000	  0.728682	  0.000000	  0.023256	  0.007752	  0.000000	  0.000000	  0.046512	  0.000000	  0.046512	  0.015504	  0.031008	  0.031008	  0.062016	  0.000000	  0.000000	
  0.000000	  0.000000	  0.085271	  0.007752	  0.480620	  0.000000	  0.100775	  0.038760	  0.015504	  0.015504	  0.000000	  0.000000	  0.007752	  0.000000	  0.000000	  0.054264	  0.000000	  0.007752	  0.000000	  0.186047	
  0.023256	  0.007752	  0.000000	  0.015504	  0.023256	  0.000000	  0.000000	  0.480620	  0.054264	  0.038760	  0.000000	  0.038760	  0.116279	  0.000000	  0.007752	  0.007752	  0.000000	  0.186047	  0.000000	  0.000000	
  0.023256	  0.000000	  0.038760	  0.155039	  0.000000	  0.000000	  0.046512	  0.000000	  0.031008	  0.007752	  0.000000	  0.131783	  0.449612	  0.015504	  0.046512	  0.031008	  0.015504	  0.007752	  0.000000	  0.000000	
  0.000000	  0.000000	  0.085271	  0.093023	  0.000000	  0.023256	  0.178295	  0.000000	  0.015504	  0.015504	  0.000000	  0.193798	  0.000000	  0.069767	  0.124031	  0.007752	  0.186047	  0.007752	  0.000000	  0.000000	
  0.031008	  0.000000	  0.007752	  0.007752	  0.000000	  0.085271	  0.000000	  0.000000	  0.100775	  0.007752	  0.000000	  0.062016	  0.000000	  0.000000	  0.000000	  0.007752	  0.689922	  0.000000	  0.000000	  0.000000	
  0.124031	  0.069767	  0.000000	  0.007752	  0.007752	  0.000000	  0.000000	  0.062016	  0.007752	  0.658915	  0.007752	  0.000000	  0.000000	  0.000000	  0.007752	  0.000000	  0.000000	  0.000000	  0.031008	  0.015504	
  0.139535	  0.147287	  0.062016	  0.038760	  0.015504	  0.085271	  0.000000	  0.000000	  0.131783	  0.000000	  0.000000	  0.000000	  0.000000	  0.007752	  0.015504	  0.240310	  0.007752	  0.031008	  0.000000	  0.077519	
  0.000000	  0.000000	  0.178295	  0.232558	  0.000000	  0.294574	  0.000000	  0.000000	  0.007752	  0.155039	  0.000000	  0.046512	  0.000000	  0.000000	  0.007752	  0.031008	  0.000000	  0.000000	  0.031008	  0.015504	
  0.000000	  0.000000	  1.000000	  0.000000	  0.000000	  0.000000	  0.000000	  0.000000	  0.000000	  0.000000	  0.000000	  0.000000	  0.000000	  0.000000	  0.000000	  0.000000	  0.000000	  0.000000	  0.000000	  0.000000	
  0.000000	  0.000000	  0.031008	  0.000000	  0.000000	  0.689922	  0.000000	  0.000000	  0.000000	  0.000000	  0.000000	  0.248062	  0.000000	  0.000000	  0.000000	  0.031008	  0.000000	  0.000000	  0.000000	  0.000000	
  0.000000	  0.000000	  1.000000	  0.000000	  0.000000	  0.000000	  0.000000	  0.000000	  0.000000	  0.000000	  0.000000	  0.000000	  0.000000	  0.000000	  0.000000	  0.000000	  0.000000	  0.000000	  0.000000	  0.000000	
  0.000000	  0.000000	  0.000000	  0.069767	  0.000000	  0.000000	  0.000000	  0.000000	  0.000000	  0.000000	  0.000000	  0.000000	  0.930233	  0.000000	  0.000000	  0.000000	  0.000000	  0.000000	  0.000000	  0.000000	
  0.000000	  0.000000	  0.000000	  0.000000	  0.038760	  0.000000	  0.000000	  0.155039	  0.000000	  0.472868	  0.077519	  0.000000	  0.000000	  0.000000	  0.000000	  0.000000	  0.000000	  0.255814	  0.000000	  0.000000	
  0.000000	  0.000000	  1.000000	  0.000000	  0.000000	  0.000000	  0.000000	  0.000000	  0.000000	  0.000000	  0.000000	  0.000000	  0.000000	  0.000000	  0.000000	  0.000000	  0.000000	  0.000000	  0.000000	  0.000000	
  0.108527	  0.023256	  0.000000	  0.000000	  0.000000	  0.038760	  0.000000	  0.131783	  0.000000	  0.000000	  0.000000	  0.000000	  0.000000	  0.000000	  0.000000	  0.000000	  0.000000	  0.697674	  0.000000	  0.000000	
  0.000000	  0.178295	  0.000000	  0.007752	  0.015504	  0.000000	  0.000000	  0.023256	  0.000000	  0.658915	  0.100775	  0.000000	  0.000000	  0.000000	  0.000000	  0.000000	  0.000000	  0.015504	  0.000000	  0.000000	
  0.000000	  0.000000	  0.007752	  0.209302	  0.000000	  0.000000	  0.000000	  0.031008	  0.000000	  0.023256	  0.000000	  0.000000	  0.000000	  0.000000	  0.000000	  0.000000	  0.000000	  0.728682	  0.000000	  0.000000	
  0.000000	  0.046512	  0.000000	  0.007752	  0.038760	  0.000000	  0.007752	  0.418605	  0.000000	  0.224806	  0.007752	  0.000000	  0.124031	  0.000000	  0.000000	  0.000000	  0.000000	  0.116279	  0.000000	  0.007752	
  0.062016	  0.007752	  0.000000	  0.000000	  0.000000	  0.232558	  0.000000	  0.015504	  0.007752	  0.077519	  0.170543	  0.054264	  0.000000	  0.000000	  0.000000	  0.093023	  0.263566	  0.015504	  0.000000	  0.000000	
  0.007752	  0.000000	  0.085271	  0.193798	  0.000000	  0.007752	  0.046512	  0.000000	  0.000000	  0.000000	  0.000000	  0.023256	  0.232558	  0.100775	  0.085271	  0.116279	  0.069767	  0.007752	  0.015504	  0.007752	
  0.023256	  0.000000	  0.023256	  0.224806	  0.015504	  0.007752	  0.038760	  0.007752	  0.124031	  0.031008	  0.000000	  0.023256	  0.007752	  0.116279	  0.062016	  0.007752	  0.046512	  0.031008	  0.000000	  0.209302	
  0.046512	  0.007752	  0.000000	  0.000000	  0.000000	  0.000000	  0.000000	  0.046512	  0.007752	  0.007752	  0.000000	  0.046512	  0.604651	  0.046512	  0.015504	  0.054264	  0.000000	  0.116279	  0.000000	  0.000000	
  0.054264	  0.038760	  0.000000	  0.000000	  0.054264	  0.069767	  0.000000	  0.085271	  0.007752	  0.279070	  0.000000	  0.000000	  0.015504	  0.000000	  0.007752	  0.000000	  0.124031	  0.255814	  0.000000	  0.007752	
  0.100775	  0.000000	  0.000000	  0.015504	  0.162791	  0.007752	  0.000000	  0.054264	  0.038760	  0.108527	  0.031008	  0.007752	  0.000000	  0.108527	  0.000000	  0.023256	  0.069767	  0.139535	  0.000000	  0.131783	
  0.023256	  0.007752	  0.000000	  0.000000	  0.007752	  0.007752	  0.023256	  0.023256	  0.000000	  0.000000	  0.007752	  0.000000	  0.635659	  0.038760	  0.069767	  0.023256	  0.100775	  0.031008	  0.000000	  0.000000	
  0.015504	  0.000000	  0.000000	  0.000000	  0.000000	  0.906977	  0.000000	  0.000000	  0.000000	  0.038760	  0.007752	  0.015504	  0.000000	  0.007752	  0.000000	  0.007752	  0.000000	  0.000000	  0.000000	  0.000000	
  0.054264	  0.217054	  0.023256	  0.069767	  0.000000	  0.007752	  0.000000	  0.023256	  0.000000	  0.000000	  0.000000	  0.046512	  0.007752	  0.093023	  0.000000	  0.263566	  0.062016	  0.131783	  0.000000	  0.000000	
  0.015504	  0.000000	  0.000000	  0.000000	  0.116279	  0.007752	  0.000000	  0.193798	  0.023256	  0.046512	  0.000000	  0.000000	  0.000000	  0.000000	  0.000000	  0.007752	  0.000000	  0.581395	  0.000000	  0.007752	
  0.000000	  0.000000	  0.000000	  0.000000	  0.000000	  0.000000	  0.000000	  0.480620	  0.108527	  0.193798	  0.031008	  0.000000	  0.000000	  0.007752	  0.000000	  0.000000	  0.007752	  0.155039	  0.000000	  0.015504	
  0.038760	  0.000000	  0.038760	  0.124031	  0.000000	  0.023256	  0.023256	  0.007752	  0.124031	  0.046512	  0.000000	  0.062016	  0.054264	  0.116279	  0.317829	  0.007752	  0.007752	  0.007752	  0.000000	  0.000000	
  0.310078	  0.248062	  0.000000	  0.000000	  0.000000	  0.000000	  0.000000	  0.007752	  0.007752	  0.000000	  0.000000	  0.000000	  0.000000	  0.046512	  0.007752	  0.031008	  0.038760	  0.302326	  0.000000	  0.000000	
  0.046512	  0.000000	  0.000000	  0.000000	  0.000000	  0.000000	  0.015504	  0.000000	  0.286822	  0.000000	  0.000000	  0.007752	  0.007752	  0.000000	  0.612403	  0.000000	  0.000000	  0.023256	  0.000000	  0.000000	
  0.147287	  0.000000	  0.000000	  0.000000	  0.000000	  0.000000	  0.000000	  0.077519	  0.000000	  0.031008	  0.000000	  0.000000	  0.457364	  0.000000	  0.046512	  0.000000	  0.007752	  0.232558	  0.000000	  0.000000	
  0.000000	  0.000000	  0.000000	  0.000000	  0.000000	  0.015504	  0.000000	  0.379845	  0.000000	  0.224806	  0.000000	  0.000000	  0.046512	  0.000000	  0.000000	  0.000000	  0.007752	  0.325581	  0.000000	  0.000000	
  0.038760	  0.000000	  0.000000	  0.000000	  0.000000	  0.891473	  0.000000	  0.046512	  0.007752	  0.000000	  0.007752	  0.000000	  0.000000	  0.000000	  0.000000	  0.000000	  0.000000	  0.007752	  0.000000	  0.000000	
  0.069767	  0.000000	  0.000000	  0.000000	  0.015504	  0.046512	  0.000000	  0.116279	  0.007752	  0.147287	  0.124031	  0.000000	  0.000000	  0.000000	  0.000000	  0.015504	  0.023256	  0.418605	  0.000000	  0.015504	
  0.015504	  0.007752	  0.000000	  0.000000	  0.093023	  0.046512	  0.000000	  0.023256	  0.000000	  0.527132	  0.279070	  0.000000	  0.000000	  0.007752	  0.000000	  0.000000	  0.000000	  0.000000	  0.000000	  0.000000	

